R = 4
L = 2.75e-6
K = 0.0274
J = 3.2284e-6
b = 3.5077e-6
